Lon	Lat	h	gravity disturbance(mGal)
15.308	44.992	2500	52.50767444878
15.377	44.948	2500	58.95392153068
15.446	44.904	2500	67.35009071068
15.515	44.86	2500	70.55820596076
15.584	44.816	2500	66.05944484281
15.653	44.772	2500	58.84625486541
15.722	44.728	2500	55.937372451
15.791	44.684	2500	59.59750286806
15.86	44.64	2500	63.40633376993
15.929	44.596	2500	58.31084744408
15.998	44.552	2500	45.65077808536
16.067	44.508	2500	36.6747203854
16.136	44.464	2500	37.15511968068
16.205	44.42	2500	42.71262040838
16.274	44.376	2500	48.46866354526
16.343	44.332	2500	52.20457763642
16.412	44.288	2500	52.53792188178
16.481	44.244	2500	52.79364810615
16.55	44.2	2500	57.29667981154
16.619	44.156	2500	60.12780139493
16.688	44.112	2500	53.39787268674
16.757	44.068	2500	45.47838138045
16.826	44.024	2500	49.83425793821
16.895	43.98	2500	60.93867791623
16.964	43.936	2500	64.63927448692
17.033	43.892	2500	62.84772915208
17.102	43.848	2500	63.849906598
17.171	43.804	2500	61.57322442224
17.24	43.76	2500	49.9575438397
17.309	43.716	2500	44.04581139923
17.378	43.672	2500	59.86097127533
17.447	43.628	2500	82.92293608587
17.516	43.584	2500	82.65068121531
17.585	43.54	2500	53.46018348273
17.654	43.496	2500	17.979813415
17.723	43.452	2500	-7.101843620205
17.792	43.408	2500	-21.77532489842
17.861	43.364	2500	-21.68124111677
17.93	43.32	2500	-0.2554627899443
17.999	43.276	2500	25.94549982575
18.068	43.232	2500	31.2930991937
18.137	43.188	2500	22.03004084613
18.206	43.144	2500	23.47293891614
18.275	43.1	2500	32.10043989359
18.344	43.056	2500	27.14372345896
18.413	43.012	2500	18.36790748975
18.482	42.968	2500	29.84459003024
18.551	42.924	2500	50.50694322861
18.62	42.88	2500	52.22346419345
18.689	42.836	2500	38.67473219632
18.758	42.792	2500	30.42043548156
18.827	42.748	2500	25.00645680925
18.896	42.704	2500	11.19181706279
18.965	42.66	2500	-3.671614130063
19.034	42.616	2500	-11.3878272904
19.103	42.572	2500	-21.00677275756
19.172	42.528	2500	-37.66846939239
19.241	42.484	2500	-48.96781377042
19.31	42.44	2500	-45.31665350118
19.379	42.396	2500	-31.95351079182
19.448	42.352	2500	-16.21915227297
19.517	42.308	2500	-2.150436691473
19.586	42.264	2500	2.781131688856
19.655	42.22	2500	-6.81797093609
19.724	42.176	2500	-21.26579361299
19.793	42.132	2500	-21.70703665811
19.862	42.088	2500	-3.052806898829
19.931	42.044	2500	18.98237920432
20	42	2500	32.02849796526
14.932	44.968	2500	13.8136668264
15.001	44.924	2500	36.68618353387
15.07	44.88	2500	51.68206221082
15.139	44.836	2500	47.02233889979
15.208	44.792	2500	30.08821266519
15.277	44.748	2500	19.7685272477
15.346	44.704	2500	22.97032676992
15.415	44.66	2500	29.51072036055
15.484	44.616	2500	29.733111095
15.553	44.572	2500	25.34143786583
15.622	44.528	2500	22.05617421733
15.691	44.484	2500	22.88909738297
15.76	44.44	2500	28.80232459237
15.829	44.396	2500	36.74457349891
15.898	44.352	2500	40.22848353529
15.967	44.308	2500	38.1880928046
16.036	44.264	2500	34.98951732883
16.105	44.22	2500	29.47944828477
16.174	44.176	2500	19.10545609203
16.243	44.132	2500	13.36930341864
16.312	44.088	2500	22.17132472975
16.381	44.044	2500	35.64791282109
16.45	44	2500	38.9359668949
16.519	43.956	2500	36.51087781069
16.588	43.912	2500	37.95411529239
16.657	43.868	2500	36.80809931925
16.726	43.824	2500	27.56580080678
16.795	43.78	2500	21.92676135948
16.864	43.736	2500	27.13407949653
16.933	43.692	2500	32.36574810757
17.002	43.648	2500	30.9934809815
17.071	43.604	2500	29.83042574467
17.14	43.56	2500	29.35344913464
17.209	43.516	2500	22.11504768361
17.278	43.472	2500	11.02791716718
17.347	43.428	2500	4.222377827823
17.416	43.384	2500	-1.517408411011
17.485	43.34	2500	-11.21387182437
17.554	43.296	2500	-18.79898489943
17.623	43.252	2500	-20.55339500959
17.692	43.208	2500	-24.22585638904
17.761	43.164	2500	-32.00899401996
17.83	43.12	2500	-32.91082645802
17.899	43.076	2500	-21.19528949045
17.968	43.032	2500	-5.158623936552
18.037	42.988	2500	8.225886495872
18.106	42.944	2500	21.66148508227
18.175	42.9	2500	35.20214722013
18.244	42.856	2500	38.92058851491
18.313	42.812	2500	27.42870403267
18.382	42.768	2500	15.23934001195
18.451	42.724	2500	23.69732752001
18.52	42.68	2500	49.4395119496
18.589	42.636	2500	61.8255717928
18.658	42.592	2500	44.21820288574
18.727	42.548	2500	21.72607694533
18.796	42.504	2500	26.66239046771
18.865	42.46	2500	49.34116718527
18.934	42.416	2500	50.78271804244
19.003	42.372	2500	18.08472055469
19.072	42.328	2500	-21.23217940735
19.141	42.284	2500	-40.27716604327
19.21	42.24	2500	-42.96043938616
19.279	42.196	2500	-47.05290515599
19.348	42.152	2500	-55.93231183685
19.417	42.108	2500	-59.59212890438
19.486	42.064	2500	-56.09722814892
19.555	42.02	2500	-55.47618669812
19.624	41.976	2500	-57.45441199707
19.693	41.932	2500	-45.78761252318
19.762	41.888	2500	-21.13443379024
19.831	41.844	2500	-12.01882841624
19.9	41.8	2500	-25.4088309795
14.487	44.988	2500	-7.51600550899
14.556	44.944	2500	-3.921161039599
14.625	44.9	2500	-7.093823617943
14.694	44.856	2500	-12.94663491045
14.763	44.812	2500	-10.18614320518
14.832	44.768	2500	6.954505437839
14.901	44.724	2500	34.80526911979
14.97	44.68	2500	60.72547071447
15.039	44.636	2500	71.53351707512
15.108	44.592	2500	66.47463017764
15.177	44.548	2500	55.493383684
15.246	44.504	2500	47.03638989092
15.315	44.46	2500	44.88110746443
15.384	44.416	2500	48.10257369225
15.453	44.372	2500	48.07920951873
15.522	44.328	2500	37.36432629662
15.591	44.284	2500	21.96839505313
15.66	44.24	2500	11.81552723146
15.729	44.196	2500	6.001895263097
15.798	44.152	2500	0.3809434147684
15.867	44.108	2500	-2.733805263766
15.936	44.064	2500	-2.092473111759
16.005	44.02	2500	-0.1424723052423
16.074	43.976	2500	3.96811559078
16.143	43.932	2500	9.84424605317
16.212	43.888	2500	12.32789840504
16.281	43.844	2500	14.15650915408
16.35	43.8	2500	23.51391187307
16.419	43.756	2500	31.86132973134
16.488	43.712	2500	22.41217004926
16.557	43.668	2500	2.846886704866
16.626	43.624	2500	-3.997998347494
16.695	43.58	2500	1.941247282389
16.764	43.536	2500	3.786050868193
16.833	43.492	2500	0.6741693653112
16.902	43.448	2500	3.200737928744
16.971	43.404	2500	11.29671884232
17.04	43.36	2500	20.2200317581
17.109	43.316	2500	29.40221191761
17.178	43.272	2500	32.80208345444
17.247	43.228	2500	22.6666023881
17.316	43.184	2500	5.390797440263
17.385	43.14	2500	-7.043731604384
17.454	43.096	2500	-13.50725902771
17.523	43.052	2500	-15.28046602335
17.592	43.008	2500	-8.494593881991
17.661	42.964	2500	3.469150442648
17.73	42.92	2500	11.2766921788
17.799	42.876	2500	16.65803660806
17.868	42.832	2500	25.8244093688
17.937	42.788	2500	32.20445414662
18.006	42.744	2500	28.04604369206
18.075	42.7	2500	20.30287984169
18.144	42.656	2500	16.67186239214
18.213	42.612	2500	13.89597490089
18.282	42.568	2500	11.47007338496
18.351	42.524	2500	13.88481000575
18.42	42.48	2500	13.81548002275
18.489	42.436	2500	-0.501445681067
18.558	42.392	2500	-20.26408695901
18.627	42.348	2500	-25.67222091816
18.696	42.304	2500	-17.67543986855
18.765	42.26	2500	-14.06973419087
18.834	42.216	2500	-20.14661041816
18.903	42.172	2500	-27.47812867394
18.972	42.128	2500	-32.66957453771
19.041	42.084	2500	-36.23458873747
19.11	42.04	2500	-35.50535174632
19.179	41.996	2500	-34.54313428684
19.248	41.952	2500	-43.35102935631
19.317	41.908	2500	-57.80842482803
19.386	41.864	2500	-63.58308863579
19.455	41.82	2500	-61.7172205482
19.524	41.776	2500	-63.08414759904
19.593	41.732	2500	-63.72712004996
19.662	41.688	2500	-52.48913144875
19.731	41.644	2500	-29.92784440696
19.8	41.6	2500	-2.539003465607
14.111	44.964	2500	12.43806702096
14.18	44.92	2500	7.027553566097
14.249	44.876	2500	8.54497058782
14.318	44.832	2500	10.43831130705
14.387	44.788	2500	6.200400198253
14.456	44.744	2500	1.837955580086
14.525	44.7	2500	4.848200351759
14.594	44.656	2500	10.21010094675
14.663	44.612	2500	11.11185014011
14.732	44.568	2500	10.33267647639
14.801	44.524	2500	10.65288420197
14.87	44.48	2500	8.738293546706
14.939	44.436	2500	4.180392846109
15.008	44.392	2500	0.7940445787114
15.077	44.348	2500	-1.357313948169
15.146	44.304	2500	-3.734089428775
15.215	44.26	2500	-3.567480222522
15.284	44.216	2500	0.8891778280784
15.353	44.172	2500	6.133341301506
15.422	44.128	2500	9.413417456194
15.491	44.084	2500	11.43622293114
15.56	44.04	2500	12.21328154912
15.629	43.996	2500	11.49930403628
15.698	43.952	2500	11.07003533853
15.767	43.908	2500	11.03026774594
15.836	43.864	2500	9.067004638119
15.905	43.82	2500	6.781337823725
15.974	43.776	2500	9.201717373131
16.043	43.732	2500	15.91580951636
16.112	43.688	2500	20.30954079064
16.181	43.644	2500	17.69962281379
16.25	43.6	2500	8.049376017816
16.319	43.556	2500	-5.943285006893
16.388	43.512	2500	-17.52716239505
16.457	43.468	2500	-18.16591926822
16.526	43.424	2500	-6.940771878838
16.595	43.38	2500	6.79115912714
16.664	43.336	2500	12.97132936759
16.733	43.292	2500	9.439371039299
16.802	43.248	2500	1.727009768437
16.871	43.204	2500	-2.390646972117
16.94	43.16	2500	0.005511635237099
17.009	43.116	2500	5.115151149937
17.078	43.072	2500	10.00156924995
17.147	43.028	2500	16.49559305132
17.216	42.984	2500	23.30310125149
17.285	42.94	2500	24.40236768173
17.354	42.896	2500	20.68808610804
17.423	42.852	2500	20.54248957641
17.492	42.808	2500	24.69628761048
17.561	42.764	2500	24.57349818545
17.63	42.72	2500	17.45505117157
17.699	42.676	2500	9.411522358604
17.768	42.632	2500	3.648519668964
17.837	42.588	2500	-2.387809723992
17.906	42.544	2500	-10.18840055504
17.975	42.5	2500	-18.09436714257
18.044	42.456	2500	-23.79340440068
18.113	42.412	2500	-26.15777735286
18.182	42.368	2500	-26.56964270908
18.251	42.324	2500	-27.88373850908
18.32	42.28	2500	-31.50879107761
18.389	42.236	2500	-36.79824028193
18.458	42.192	2500	-41.56079888329
18.527	42.148	2500	-43.37938307533
18.596	42.104	2500	-43.90688378653
18.665	42.06	2500	-48.05401410959
18.734	42.016	2500	-55.17250556188
18.803	41.972	2500	-59.51989571802
18.872	41.928	2500	-61.98668967095
18.941	41.884	2500	-68.81897845528
19.01	41.84	2500	-78.1273554999
19.079	41.796	2500	-81.87982485506
19.148	41.752	2500	-80.40806594352
19.217	41.708	2500	-82.19644697203
19.286	41.664	2500	-89.45006464831
19.355	41.62	2500	-92.18998713276
19.424	41.576	2500	-80.35691723833
19.493	41.532	2500	-59.82832615299
19.562	41.488	2500	-47.74250798967
19.631	41.444	2500	-50.21979906026
19.7	41.4	2500	-57.9988023766
13.666	44.984	2500	29.46360850213
13.735	44.94	2500	25.69356561501
13.804	44.896	2500	20.29946508308
13.873	44.852	2500	16.87286036489
13.942	44.808	2500	16.40916501451
14.011	44.764	2500	14.98271685421
14.08	44.72	2500	10.11077863584
14.149	44.676	2500	7.45721619797
14.218	44.632	2500	12.16198631493
14.287	44.588	2500	18.02065228436
14.356	44.544	2500	17.11299579146
14.425	44.5	2500	12.68666893033
14.494	44.456	2500	10.8074144098
14.563	44.412	2500	9.780989319275
14.632	44.368	2500	7.089117206327
14.701	44.324	2500	4.934549994573
14.77	44.28	2500	4.321366944104
14.839	44.236	2500	4.409905906755
14.908	44.192	2500	6.259263324893
14.977	44.148	2500	9.306224666794
15.046	44.104	2500	10.55449920813
15.115	44.06	2500	10.38213493967
15.184	44.016	2500	10.57360094663
15.253	43.972	2500	9.903306992598
15.322	43.928	2500	9.492099959729
15.391	43.884	2500	12.92768239853
15.46	43.84	2500	16.91734965501
15.529	43.796	2500	15.68625379971
15.598	43.752	2500	12.58928453467
15.667	43.708	2500	12.41348281962
15.736	43.664	2500	11.72632343422
15.805	43.62	2500	9.435122475487
15.874	43.576	2500	10.50867551733
15.943	43.532	2500	12.18311463536
16.012	43.488	2500	7.281409013693
16.081	43.444	2500	0.5936330744305
16.15	43.4	2500	0.450395039131
16.219	43.356	2500	3.04941067224
16.288	43.312	2500	3.709445005917
16.357	43.268	2500	7.477811322687
16.426	43.224	2500	15.43424309478
16.495	43.18	2500	20.06977164406
16.564	43.136	2500	19.84011106551
16.633	43.092	2500	19.64149858686
16.702	43.048	2500	20.07372211033
16.771	43.004	2500	21.33425000821
16.84	42.96	2500	27.17725063253
16.909	42.916	2500	34.91775649689
16.978	42.872	2500	36.13583836692
17.047	42.828	2500	31.85461932222
17.116	42.784	2500	31.41751137203
17.185	42.74	2500	35.73604829459
17.254	42.696	2500	35.69275456332
17.323	42.652	2500	26.82210216118
17.392	42.608	2500	15.13951531962
17.461	42.564	2500	7.229942159981
17.53	42.52	2500	1.215465155191
17.599	42.476	2500	-8.423610087505
17.668	42.432	2500	-21.39707590896
17.737	42.388	2500	-33.48149238427
17.806	42.344	2500	-43.35940870437
17.875	42.3	2500	-50.28623890126
17.944	42.256	2500	-51.88177240054
18.013	42.212	2500	-50.33772125191
18.082	42.168	2500	-51.02960189411
18.151	42.124	2500	-52.50026746424
18.22	42.08	2500	-49.51853390054
18.289	42.036	2500	-43.81079226068
18.358	41.992	2500	-40.30134828987
18.427	41.948	2500	-38.53679457908
18.496	41.904	2500	-36.2735290631
18.565	41.86	2500	-35.02736464078
18.634	41.816	2500	-38.03775469464
18.703	41.772	2500	-45.56891105256
18.772	41.728	2500	-52.2497320933
18.841	41.684	2500	-53.59356581387
18.91	41.64	2500	-55.67492691441
18.979	41.596	2500	-64.48416295459
19.048	41.552	2500	-70.30335936964
19.117	41.508	2500	-65.62884221673
19.186	41.464	2500	-64.10768917728
19.255	41.42	2500	-73.71247362737
19.324	41.376	2500	-77.96816505383
19.393	41.332	2500	-69.76427578405
19.462	41.288	2500	-65.71968330018
19.531	41.244	2500	-70.32393799786
19.6	41.2	2500	-69.54163861135
13.29	44.96	2500	13.36926017181
13.359	44.916	2500	18.16689445118
13.428	44.872	2500	16.01717685524
13.497	44.828	2500	10.72561320061
13.566	44.784	2500	13.69001432447
13.635	44.74	2500	18.78141564635
13.704	44.696	2500	14.68423956279
13.773	44.652	2500	7.763009068107
13.842	44.608	2500	6.524706288324
13.911	44.564	2500	6.259987971902
13.98	44.52	2500	4.450274676593
14.049	44.476	2500	4.824296554062
14.118	44.432	2500	3.854983727436
14.187	44.388	2500	-1.978299143879
14.256	44.344	2500	-5.90431900207
14.325	44.3	2500	-5.691401968733
14.394	44.256	2500	-8.46423792904
14.463	44.212	2500	-13.00751498956
14.532	44.168	2500	-12.37931717952
14.601	44.124	2500	-10.61602965198
14.67	44.08	2500	-12.82507146918
14.739	44.036	2500	-12.6907466381
14.808	43.992	2500	-7.900298034436
14.877	43.948	2500	-6.589605140128
14.946	43.904	2500	-9.399682717337
15.015	43.86	2500	-8.990654994001
15.084	43.816	2500	-6.289430226225
15.153	43.772	2500	-5.927894172508
15.222	43.728	2500	-5.505534445582
15.291	43.684	2500	-4.047613557923
15.36	43.64	2500	-5.695203607026
15.429	43.596	2500	-9.228224085689
15.498	43.552	2500	-10.25492428628
15.567	43.508	2500	-10.58385924182
15.636	43.464	2500	-12.33986748073
15.705	43.42	2500	-12.28745463564
15.774	43.376	2500	-8.733895207769
15.843	43.332	2500	-3.168217746996
15.912	43.288	2500	3.368880381061
15.981	43.244	2500	7.990415225834
16.05	43.2	2500	9.256262341317
16.119	43.156	2500	13.00431491398
16.188	43.112	2500	21.19371935674
16.257	43.068	2500	24.26301290992
16.326	43.024	2500	18.77848172782
16.395	42.98	2500	14.98746073931
16.464	42.936	2500	17.45576365035
16.533	42.892	2500	21.15367471713
16.602	42.848	2500	26.87217780721
16.671	42.804	2500	36.08142578617
16.74	42.76	2500	40.31007400105
16.809	42.716	2500	35.97330342906
16.878	42.672	2500	31.78369592867
16.947	42.628	2500	30.48922990718
17.016	42.584	2500	26.1873668677
17.085	42.54	2500	19.47423711783
17.154	42.496	2500	12.86543342065
17.223	42.452	2500	1.867445372916
17.292	42.408	2500	-13.26165454234
17.361	42.364	2500	-24.61409489936
17.43	42.32	2500	-31.29211416955
17.499	42.276	2500	-37.09277210522
17.568	42.232	2500	-39.00212027492
17.637	42.188	2500	-35.40464488072
17.706	42.144	2500	-32.6944488366
17.775	42.1	2500	-33.2673973924
17.844	42.056	2500	-32.40771436079
17.913	42.012	2500	-28.92465869646
17.982	41.968	2500	-26.28130355138
18.051	41.924	2500	-27.23469578179
18.12	41.88	2500	-31.93454169264
18.189	41.836	2500	-36.0056792811
18.258	41.792	2500	-35.8536340924
18.327	41.748	2500	-36.90519442774
18.396	41.704	2500	-43.29966101366
18.465	41.66	2500	-47.12589440174
18.534	41.616	2500	-44.13682416917
18.603	41.572	2500	-42.6967171089
18.672	41.528	2500	-44.77021623153
18.741	41.484	2500	-42.6897166065
18.81	41.44	2500	-38.06443178451
18.879	41.396	2500	-38.2867524424
18.948	41.352	2500	-41.84303518855
19.017	41.308	2500	-45.70261499897
19.086	41.264	2500	-51.03398396802
19.155	41.22	2500	-55.37457819678
19.224	41.176	2500	-56.95389783433
19.293	41.132	2500	-59.23771689886
19.362	41.088	2500	-61.08984356281
19.431	41.044	2500	-60.27506623205
19.5	41	2500	-62.36105013766
12.845	44.98	2500	-9.25691622502
12.914	44.936	2500	-7.948933733992
12.983	44.892	2500	-7.794315762588
13.052	44.848	2500	-13.54848153792
13.121	44.804	2500	-16.15110262065
13.19	44.76	2500	-11.62062597935
13.259	44.716	2500	-7.283431204108
13.328	44.672	2500	-5.136778373505
13.397	44.628	2500	-1.935654266383
13.466	44.584	2500	-0.3133289741442
13.535	44.54	2500	-1.867248379384
13.604	44.496	2500	-1.775310490082
13.673	44.452	2500	-0.001007404826225
13.742	44.408	2500	-1.106065472634
13.811	44.364	2500	-2.366966294787
13.88	44.32	2500	0.2388417028598
13.949	44.276	2500	1.349923698157
14.018	44.232	2500	-3.371784248962
14.087	44.188	2500	-8.464100029038
14.156	44.144	2500	-10.18988497954
14.225	44.1	2500	-11.99058481802
14.294	44.056	2500	-14.21438895779
14.363	44.012	2500	-12.8969903427
14.432	43.968	2500	-8.616538591433
14.501	43.924	2500	-5.590475513806
14.57	43.88	2500	-5.209025001562
14.639	43.836	2500	-6.371174460007
14.708	43.792	2500	-7.544941028925
14.777	43.748	2500	-7.283785118339
14.846	43.704	2500	-6.462371733384
14.915	43.66	2500	-7.362870302785
14.984	43.616	2500	-9.291218335328
15.053	43.572	2500	-10.11499869765
15.122	43.528	2500	-10.61240376039
15.191	43.484	2500	-12.10059523977
15.26	43.44	2500	-13.51803860548
15.329	43.396	2500	-14.02712890144
15.398	43.352	2500	-13.55917484389
15.467	43.308	2500	-10.90835147508
15.536	43.264	2500	-5.872014087771
15.605	43.22	2500	-0.147201959777
15.674	43.176	2500	5.535165671589
15.743	43.132	2500	9.830906299158
15.812	43.088	2500	9.890087423337
15.881	43.044	2500	8.099256409722
15.95	43	2500	10.17009954865
16.019	42.956	2500	12.68906376382
16.088	42.912	2500	8.668957418934
16.157	42.868	2500	4.693632592456
16.226	42.824	2500	10.78979281051
16.295	42.78	2500	19.69078248383
16.364	42.736	2500	19.97145031698
16.433	42.692	2500	16.78241576606
16.502	42.648	2500	17.96926105637
16.571	42.604	2500	19.07701170829
16.64	42.56	2500	17.99477059397
16.709	42.516	2500	20.87683532075
16.778	42.472	2500	25.70835136382
16.847	42.428	2500	23.40465407364
16.916	42.384	2500	14.15030589502
16.985	42.34	2500	4.438883001079
17.054	42.296	2500	-3.020753079674
17.123	42.252	2500	-6.688453825632
17.192	42.208	2500	-6.480976056444
17.261	42.164	2500	-6.497831073204
17.33	42.12	2500	-7.153680433092
17.399	42.076	2500	-4.872147537505
17.468	42.032	2500	-2.398823418481
17.537	41.988	2500	-2.738489076748
17.606	41.944	2500	-0.589377467719
17.675	41.9	2500	3.820409306599
17.744	41.856	2500	1.604062387628
17.813	41.812	2500	-4.563055772699
17.882	41.768	2500	-4.792530727116
17.951	41.724	2500	-4.451578813303
18.02	41.68	2500	-12.28216816873
18.089	41.636	2500	-20.85752370622
18.158	41.592	2500	-23.44781483909
18.227	41.548	2500	-26.05207891513
18.296	41.504	2500	-30.46296736908
18.365	41.46	2500	-32.90120870236
18.434	41.416	2500	-36.15278489288
18.503	41.372	2500	-40.35885044313
18.572	41.328	2500	-38.68813107584
18.641	41.284	2500	-33.03341924603
18.71	41.24	2500	-30.46720020894
18.779	41.196	2500	-28.8912043132
18.848	41.152	2500	-26.98348865167
18.917	41.108	2500	-29.45792133975
18.986	41.064	2500	-32.86836664547
19.055	41.02	2500	-31.95993004947
19.124	40.976	2500	-33.29161223995
19.193	40.932	2500	-39.81909376449
19.262	40.888	2500	-43.95214402155
19.331	40.844	2500	-46.17879258273
19.4	40.8	2500	-51.02873898206
12.4	45	2500	-2.160403931306
12.469	44.956	2500	-8.780447658729
12.538	44.912	2500	-14.95330490577
12.607	44.868	2500	-17.23355327048
12.676	44.824	2500	-18.7428318096
12.745	44.78	2500	-23.44413069508
12.814	44.736	2500	-28.83108652121
12.883	44.692	2500	-31.06809418689
12.952	44.648	2500	-31.24634137119
13.021	44.604	2500	-30.71939747379
13.09	44.56	2500	-28.54785293263
13.159	44.516	2500	-26.58288404795
13.228	44.472	2500	-27.13518764885
13.297	44.428	2500	-26.93979820183
13.366	44.384	2500	-23.47315678932
13.435	44.34	2500	-20.86915772583
13.504	44.296	2500	-21.44995766482
13.573	44.252	2500	-21.91644950731
13.642	44.208	2500	-21.69412480733
13.711	44.164	2500	-22.22905093543
13.78	44.12	2500	-20.31125740398
13.849	44.076	2500	-14.85553189475
13.918	44.032	2500	-11.940591504
13.987	43.988	2500	-13.16518439758
14.056	43.944	2500	-12.01187912301
14.125	43.9	2500	-6.942984920322
14.194	43.856	2500	-3.219343939875
14.263	43.812	2500	-2.042046324924
14.332	43.768	2500	-1.207904746536
14.401	43.724	2500	-1.219810707553
14.47	43.68	2500	-1.76537886194
14.539	43.636	2500	-0.6059144091353
14.608	43.592	2500	0.7883319124602
14.677	43.548	2500	-0.5184346548504
14.746	43.504	2500	-3.228703207014
14.815	43.46	2500	-5.195856255114
14.884	43.416	2500	-6.768855815764
14.953	43.372	2500	-7.754276542116
15.022	43.328	2500	-7.614087540375
15.091	43.284	2500	-7.613363293046
15.16	43.24	2500	-8.040576203783
15.229	43.196	2500	-7.42538504177
15.298	43.152	2500	-6.072286496384
15.367	43.108	2500	-5.581922633269
15.436	43.064	2500	-6.487531179289
15.505	43.02	2500	-9.06435660788
15.574	42.976	2500	-12.68268463619
15.643	42.932	2500	-15.16853298256
15.712	42.888	2500	-16.3608631258
15.781	42.844	2500	-17.58970586341
15.85	42.8	2500	-16.64513455317
15.919	42.756	2500	-11.07736222608
15.988	42.712	2500	-4.209332528227
16.057	42.668	2500	0.2338164488691
16.126	42.624	2500	3.902055235194
16.195	42.58	2500	8.623861414137
16.264	42.536	2500	13.40883459022
16.333	42.492	2500	18.64918432162
16.402	42.448	2500	25.33682749704
16.471	42.404	2500	31.62990263714
16.54	42.36	2500	35.98517599315
16.609	42.316	2500	39.91964190373
16.678	42.272	2500	44.71571148343
16.747	42.228	2500	48.74789547529
16.816	42.184	2500	48.85539661945
16.885	42.14	2500	44.18760429381
16.954	42.096	2500	38.68280669046
17.023	42.052	2500	35.91214897902
17.092	42.008	2500	33.17634408582
17.161	41.964	2500	27.70559028971
17.23	41.92	2500	23.18291322876
17.299	41.876	2500	21.90742097827
17.368	41.832	2500	19.79705165542
17.437	41.788	2500	15.53478475422
17.506	41.744	2500	13.26929635521
17.575	41.7	2500	13.76805080469
17.644	41.656	2500	13.02039905671
17.713	41.612	2500	8.217659974719
17.782	41.568	2500	0.3849204304629
17.851	41.524	2500	-5.495867889849
17.92	41.48	2500	-6.077638310842
17.989	41.436	2500	-7.043455991784
18.058	41.392	2500	-14.19498228401
18.127	41.348	2500	-21.39638373979
18.196	41.304	2500	-22.75978749147
18.265	41.26	2500	-24.4749828525
18.334	41.216	2500	-29.98290130947
18.403	41.172	2500	-33.11848697525
18.472	41.128	2500	-33.69528051334
18.541	41.084	2500	-36.57505406593
18.61	41.04	2500	-38.14557125263
18.679	40.996	2500	-34.62589723018
18.748	40.952	2500	-30.78316209422
18.817	40.908	2500	-28.63829568369
18.886	40.864	2500	-26.30463707636
18.955	40.82	2500	-26.46048382164
19.024	40.776	2500	-28.60080207459
19.093	40.732	2500	-27.22687735837
19.162	40.688	2500	-25.60598789074
19.231	40.644	2500	-28.97570984732
19.3	40.6	2500	-30.3117355184
12.024	44.976	2500	1.961022494257
12.093	44.932	2500	-7.479943419142
12.162	44.888	2500	-14.37343396766
12.231	44.844	2500	-16.58739466883
12.3	44.8	2500	-21.2588201709
12.369	44.756	2500	-28.98471492987
12.438	44.712	2500	-34.35996695291
12.507	44.668	2500	-39.60108030121
12.576	44.624	2500	-47.05941327732
12.645	44.58	2500	-49.82358843346
12.714	44.536	2500	-46.94140179407
12.783	44.492	2500	-48.21640062715
12.852	44.448	2500	-53.88751216433
12.921	44.404	2500	-54.78926022544
12.99	44.36	2500	-52.86328882494
13.059	44.316	2500	-54.90681048759
13.128	44.272	2500	-55.85223529607
13.197	44.228	2500	-51.03416134418
13.266	44.184	2500	-47.10131371954
13.335	44.14	2500	-46.42296460027
13.404	44.096	2500	-42.83845405748
13.473	44.052	2500	-36.54853158057
13.542	44.008	2500	-32.26223431749
13.611	43.964	2500	-28.96539988271
13.68	43.92	2500	-25.61020306935
13.749	43.876	2500	-23.55783563139
13.818	43.832	2500	-20.12245024368
13.887	43.788	2500	-15.08173395184
13.956	43.744	2500	-14.90191191884
14.025	43.7	2500	-18.5404805972
14.094	43.656	2500	-17.17852286021
14.163	43.612	2500	-11.92389611226
14.232	43.568	2500	-9.564702942555
14.301	43.524	2500	-7.560677816798
14.37	43.48	2500	-3.409712872582
14.439	43.436	2500	-2.434027483389
14.508	43.392	2500	-3.904043510516
14.577	43.348	2500	-1.40236004178
14.646	43.304	2500	2.084437980088
14.715	43.26	2500	1.056098286512
14.784	43.216	2500	-0.9299916486682
14.853	43.172	2500	-1.599115132755
14.922	43.128	2500	-3.901535242079
14.991	43.084	2500	-5.667347886629
15.06	43.04	2500	-4.733713897664
15.129	42.996	2500	-6.076087597862
15.198	42.952	2500	-9.617640626303
15.267	42.908	2500	-9.029775728919
15.336	42.864	2500	-6.736701378784
15.405	42.82	2500	-7.939769791676
15.474	42.776	2500	-7.572261918298
15.543	42.732	2500	-2.385751000489
15.612	42.688	2500	1.689661047877
15.681	42.644	2500	4.211511957308
15.75	42.6	2500	9.876326465985
15.819	42.556	2500	15.71755945804
15.888	42.512	2500	18.66238154218
15.957	42.468	2500	22.87602726891
16.026	42.424	2500	28.61171638973
16.095	42.38	2500	32.69455708246
16.164	42.336	2500	38.25439288381
16.233	42.292	2500	46.12868592329
16.302	42.248	2500	50.89730094596
16.371	42.204	2500	55.01691738026
16.44	42.16	2500	64.02220061972
16.509	42.116	2500	70.6964132867
16.578	42.072	2500	68.85000502166
16.647	42.028	2500	67.3673183039
16.716	41.984	2500	71.1797126888
16.785	41.94	2500	72.03528120723
16.854	41.896	2500	66.58872737795
16.923	41.852	2500	58.61256298108
16.992	41.808	2500	47.91478470949
17.061	41.764	2500	36.49150404428
17.13	41.72	2500	30.55807846852
17.199	41.676	2500	27.88648468375
17.268	41.632	2500	22.56523009301
17.337	41.588	2500	17.6246502491
17.406	41.544	2500	15.363075042
17.475	41.5	2500	10.63336170475
17.544	41.456	2500	4.038520106242
17.613	41.412	2500	1.159115619309
17.682	41.368	2500	-1.193292034074
17.751	41.324	2500	-7.73846580735
17.82	41.28	2500	-13.20768439683
17.889	41.236	2500	-13.25090148878
17.958	41.192	2500	-12.3296503503
18.027	41.148	2500	-12.94065222037
18.096	41.104	2500	-12.31121031662
18.165	41.06	2500	-11.41736915855
18.234	41.016	2500	-14.29572950258
18.303	40.972	2500	-19.44351544747
18.372	40.928	2500	-21.18405581708
18.441	40.884	2500	-18.87365618565
18.51	40.84	2500	-17.73054458649
18.579	40.796	2500	-19.80097849348
18.648	40.752	2500	-22.22446765803
18.717	40.708	2500	-25.56567835885
18.786	40.664	2500	-31.98615348445
18.855	40.62	2500	-36.55182444842
18.924	40.576	2500	-35.4955950904
18.993	40.532	2500	-34.70325372206
19.062	40.488	2500	-34.79213409765
19.131	40.444	2500	-27.17039675719
19.2	40.4	2500	-16.45647986539
11.855	44.82	2500	-9.29747063747
11.924	44.776	2500	-15.89403135878
11.993	44.732	2500	-24.25575891358
12.062	44.688	2500	-30.36133320826
12.131	44.644	2500	-38.87031133907
12.2	44.6	2500	-52.51904686716
12.269	44.556	2500	-63.33739871138
12.338	44.512	2500	-67.0176172644
12.407	44.468	2500	-68.43269217249
12.476	44.424	2500	-69.90689781112
12.545	44.38	2500	-70.45614527126
12.614	44.336	2500	-71.32921617234
12.683	44.292	2500	-72.02696238764
12.752	44.248	2500	-70.90565120862
12.821	44.204	2500	-70.10077666898
12.89	44.16	2500	-69.13009081071
12.959	44.116	2500	-63.15640464756
13.028	44.072	2500	-54.2454762563
13.097	44.028	2500	-48.20231101519
13.166	43.984	2500	-42.1922713068
13.235	43.94	2500	-33.80223519169
13.304	43.896	2500	-30.11064039189
13.373	43.852	2500	-31.99595848216
13.442	43.808	2500	-29.57844175082
13.511	43.764	2500	-21.52422779336
13.58	43.72	2500	-15.60309417279
13.649	43.676	2500	-12.31525608336
13.718	43.632	2500	-8.899209202262
13.787	43.588	2500	-7.575685016192
13.856	43.544	2500	-6.804192770993
13.925	43.5	2500	-2.349201128204
13.994	43.456	2500	1.853061240809
14.063	43.412	2500	2.412199640034
14.132	43.368	2500	4.648831417597
14.201	43.324	2500	8.722947973361
14.27	43.28	2500	8.167464449116
14.339	43.236	2500	5.910999069592
14.408	43.192	2500	8.049701961177
14.477	43.148	2500	9.527134363019
14.546	43.104	2500	6.252860243805
14.615	43.06	2500	3.915215165406
14.684	43.016	2500	3.46085478391
14.753	42.972	2500	0.04720627977406
14.822	42.928	2500	-3.816756737685
14.891	42.884	2500	-4.177209100575
14.96	42.84	2500	-3.817272568796
15.029	42.796	2500	-3.027038043513
15.098	42.752	2500	0.4691321128902
15.167	42.708	2500	2.687531511292
15.236	42.664	2500	1.749308068355
15.305	42.62	2500	3.393764437831
15.374	42.576	2500	7.664839879951
15.443	42.532	2500	9.207691103086
15.512	42.488	2500	10.52151692083
15.581	42.444	2500	15.11817225168
15.65	42.4	2500	18.97447929515
15.719	42.356	2500	21.93826731478
15.788	42.312	2500	28.1510645447
15.857	42.268	2500	33.77297722675
15.926	42.224	2500	36.07434114752
15.995	42.18	2500	43.57668016315
16.064	42.136	2500	59.68852696494
16.133	42.092	2500	75.53136866694
16.202	42.048	2500	85.7407464995
16.271	42.004	2500	90.42423326004
16.34	41.96	2500	88.02886309631
16.409	41.916	2500	82.37109955367
16.478	41.872	2500	80.45699320984
16.547	41.828	2500	79.33130606173
16.616	41.784	2500	75.5468702156
16.685	41.74	2500	76.10265856606
16.754	41.696	2500	80.80033632947
16.823	41.652	2500	77.37147065683
16.892	41.608	2500	65.62596636837
16.961	41.564	2500	57.43912121865
17.03	41.52	2500	52.93784168448
17.099	41.476	2500	44.46160981271
17.168	41.432	2500	34.22626959928
17.237	41.388	2500	28.0056456301
17.306	41.344	2500	25.26418180544
17.375	41.3	2500	23.65319257507
17.444	41.256	2500	21.23719729568
17.513	41.212	2500	17.13221296296
17.582	41.168	2500	15.11329324533
17.651	41.124	2500	18.19247476842
17.72	41.08	2500	23.8401937402
17.789	41.036	2500	31.41103590814
17.858	40.992	2500	41.43755482371
17.927	40.948	2500	47.20376127203
17.996	40.904	2500	43.61882939747
18.065	40.86	2500	36.95607913592
18.134	40.816	2500	33.21762063972
18.203	40.772	2500	31.51991112329
18.272	40.728	2500	32.69968184227
18.341	40.684	2500	36.94113747681
18.41	40.64	2500	38.422291572
18.479	40.596	2500	34.84213913527
18.548	40.552	2500	28.76684787054
18.617	40.508	2500	17.55491663449
18.686	40.464	2500	0.2838886263845
18.755	40.42	2500	-13.47009199346
18.824	40.376	2500	-18.66889433337
18.893	40.332	2500	-23.77820743291
18.962	40.288	2500	-34.52983764287
19.031	40.244	2500	-45.6045259531
19.1	40.2	2500	-51.78701647637
11.755	44.62	2500	-45.67230982122
11.824	44.576	2500	-53.90639736351
11.893	44.532	2500	-61.97093954601
11.962	44.488	2500	-72.73346298664
12.031	44.444	2500	-82.859867282
12.1	44.4	2500	-86.10362801473
12.169	44.356	2500	-86.05896562894
12.238	44.312	2500	-87.49306345717
12.307	44.268	2500	-85.4545677937
12.376	44.224	2500	-78.78813486446
12.445	44.18	2500	-75.65913539249
12.514	44.136	2500	-75.6584746922
12.583	44.092	2500	-70.01126783539
12.652	44.048	2500	-60.7316058284
12.721	44.004	2500	-55.15168440287
12.79	43.96	2500	-49.78483995632
12.859	43.916	2500	-41.06233587962
12.928	43.872	2500	-36.22503564671
12.997	43.828	2500	-38.26643742855
13.066	43.784	2500	-39.38410286715
13.135	43.74	2500	-36.10571028076
13.204	43.696	2500	-31.85421427858
13.273	43.652	2500	-26.2126544964
13.342	43.608	2500	-17.73464711796
13.411	43.564	2500	-10.57446540713
13.48	43.52	2500	-7.937592869922
13.549	43.476	2500	-7.351982263515
13.618	43.432	2500	-6.304618487718
13.687	43.388	2500	-5.379516006343
13.756	43.344	2500	-6.241979907529
13.825	43.3	2500	-9.575884210911
13.894	43.256	2500	-12.87349622672
13.963	43.212	2500	-12.37198832111
14.032	43.168	2500	-8.90812120744
14.101	43.124	2500	-6.524183698708
14.17	43.08	2500	-6.298138057304
14.239	43.036	2500	-7.332420192085
14.308	42.992	2500	-9.097420335991
14.377	42.948	2500	-9.151137223995
14.446	42.904	2500	-5.849672507452
14.515	42.86	2500	-2.739509408656
14.584	42.816	2500	-2.684529379771
14.653	42.772	2500	-3.006008465434
14.722	42.728	2500	-1.857571989561
14.791	42.684	2500	-0.614393064069
14.86	42.64	2500	1.531305978553
14.929	42.596	2500	5.745054387241
14.998	42.552	2500	9.252851951125
15.067	42.508	2500	10.41472734347
15.136	42.464	2500	11.75813250036
15.205	42.42	2500	13.94302746789
15.274	42.376	2500	14.37593246916
15.343	42.332	2500	13.19299038443
15.412	42.288	2500	14.50978913358
15.481	42.244	2500	20.78708526572
15.55	42.2	2500	28.80232351004
15.619	42.156	2500	34.64177998627
15.688	42.112	2500	42.12506823915
15.757	42.068	2500	57.1899276185
15.826	42.024	2500	75.27204472417
15.895	41.98	2500	90.536369704
15.964	41.936	2500	110.4522455034
16.033	41.892	2500	137.0293828565
16.102	41.848	2500	149.0620171369
16.171	41.804	2500	132.19795722
16.24	41.76	2500	104.6319597002
16.309	41.716	2500	88.08578069122
16.378	41.672	2500	81.67990774961
16.447	41.628	2500	78.62269899022
16.516	41.584	2500	77.16496022656
16.585	41.54	2500	73.21126419946
16.654	41.496	2500	67.42249102007
16.723	41.452	2500	67.4485360511
16.792	41.408	2500	70.84931855399
16.861	41.364	2500	69.34592201215
16.93	41.32	2500	67.38575543075
16.999	41.276	2500	70.74210135212
17.068	41.232	2500	73.57653416786
17.137	41.188	2500	74.48802796421
17.206	41.144	2500	78.14240058241
17.275	41.1	2500	78.36461681983
17.344	41.056	2500	69.98131710318
17.413	41.012	2500	63.80186107737
17.482	40.968	2500	65.91208545466
17.551	40.924	2500	68.20631426816
17.62	40.88	2500	69.20304740099
17.689	40.836	2500	73.15225332807
17.758	40.792	2500	75.16305442241
17.827	40.748	2500	73.1507346222
17.896	40.704	2500	74.18964462325
17.965	40.66	2500	76.74636352775
18.034	40.616	2500	74.06141271495
18.103	40.572	2500	70.96401182896
18.172	40.528	2500	72.07620265781
18.241	40.484	2500	71.00648224778
18.31	40.44	2500	66.0141031295
18.379	40.396	2500	62.62355153908
18.448	40.352	2500	60.0332826993
18.517	40.308	2500	55.03994803657
18.586	40.264	2500	47.66159100527
18.655	40.22	2500	34.54775130596
18.724	40.176	2500	15.19608130423
18.793	40.132	2500	-1.135733305979
18.862	40.088	2500	-10.48348599451
18.931	40.044	2500	-18.93890493641
19	40	2500	-27.47118991682
11.655	44.42	2500	-93.01418488441
11.724	44.376	2500	-92.4930828095
11.793	44.332	2500	-91.46196498886
11.862	44.288	2500	-90.0527161674
11.931	44.244	2500	-87.3255368969
12	44.2	2500	-81.60022742167
12.069	44.156	2500	-71.64329635998
12.138	44.112	2500	-59.52037698975
12.207	44.068	2500	-51.72160044662
12.276	44.024	2500	-50.60072100971
12.345	43.98	2500	-47.71790964408
12.414	43.936	2500	-37.11540612805
12.483	43.892	2500	-27.42897885106
12.552	43.848	2500	-25.77475305738
12.621	43.804	2500	-23.28629039798
12.69	43.76	2500	-13.6066773555
12.759	43.716	2500	-7.037878743432
12.828	43.672	2500	-10.46291901954
12.897	43.628	2500	-14.96642562167
12.966	43.584	2500	-14.42276178842
13.035	43.54	2500	-13.14571330955
13.104	43.496	2500	-11.14133629496
13.173	43.452	2500	-5.014951711502
13.242	43.408	2500	-0.6414474112759
13.311	43.364	2500	-4.362084548859
13.38	43.32	2500	-10.46225841161
13.449	43.276	2500	-12.95780276092
13.518	43.232	2500	-15.88123723728
13.587	43.188	2500	-21.4979585591
13.656	43.144	2500	-24.71688431775
13.725	43.1	2500	-24.7094751364
13.794	43.056	2500	-26.60652497557
13.863	43.012	2500	-31.24616945929
13.932	42.968	2500	-35.57824585609
14.001	42.924	2500	-38.73027052759
14.07	42.88	2500	-39.34467460542
14.139	42.836	2500	-35.19451634233
14.208	42.792	2500	-29.32736802794
14.277	42.748	2500	-26.26679725655
14.346	42.704	2500	-23.32887775225
14.415	42.66	2500	-16.83181530314
14.484	42.616	2500	-10.75320666626
14.553	42.572	2500	-8.574640336789
14.622	42.528	2500	-6.485034712611
14.691	42.484	2500	-2.590678075798
14.76	42.44	2500	-0.07781913176075
14.829	42.396	2500	2.099089207874
14.898	42.352	2500	7.39939931762
14.967	42.308	2500	12.69970753075
15.036	42.264	2500	14.3733560753
15.105	42.22	2500	15.84063646138
15.174	42.176	2500	19.74984679478
15.243	42.132	2500	24.37324857745
15.312	42.088	2500	30.83856758561
15.381	42.044	2500	41.06276958087
15.45	42	2500	53.12896355925
15.519	41.956	2500	68.24285902276
15.588	41.912	2500	89.85133589139
15.657	41.868	2500	113.6517558834
15.726	41.824	2500	134.8185377159
15.795	41.78	2500	154.3146138017
15.864	41.736	2500	161.5572065733
15.933	41.692	2500	138.6183408759
16.002	41.648	2500	97.25269046648
16.071	41.604	2500	72.3195931748
16.14	41.56	2500	69.98487913066
16.209	41.516	2500	67.67128870919
16.278	41.472	2500	60.99637743038
16.347	41.428	2500	63.18967704093
16.416	41.384	2500	71.55241495038
16.485	41.34	2500	74.75412432552
16.554	41.296	2500	74.60408944837
16.623	41.252	2500	76.44035024068
16.692	41.208	2500	79.41203694983
16.761	41.164	2500	83.77334224061
16.83	41.12	2500	89.67318248363
16.899	41.076	2500	94.27286294965
16.968	41.032	2500	98.92691194811
17.037	40.988	2500	106.4771463252
17.106	40.944	2500	113.5588583791
17.175	40.9	2500	117.5961329375
17.244	40.856	2500	120.5844957095
17.313	40.812	2500	121.5881902766
17.382	40.768	2500	119.5417163308
17.451	40.724	2500	117.2529845855
17.52	40.68	2500	112.8885942215
17.589	40.636	2500	103.0879489722
17.658	40.592	2500	94.27262219432
17.727	40.548	2500	91.76425108492
17.796	40.504	2500	89.81327367437
17.865	40.46	2500	86.50664327732
17.934	40.416	2500	86.57561315477
18.003	40.372	2500	86.78295403417
18.072	40.328	2500	83.43094648122
18.141	40.284	2500	82.99487314378
18.21	40.24	2500	86.79763215618
18.279	40.196	2500	87.97568687129
18.348	40.152	2500	87.52176439781
18.417	40.108	2500	85.99639125144
18.486	40.064	2500	74.23942249183
18.555	40.02	2500	55.55890897053
18.624	39.976	2500	45.99267964664
18.693	39.932	2500	41.90643388302
18.762	39.888	2500	27.72022875615
18.831	39.844	2500	9.582133408337
18.9	39.8	2500	1.02049293158
11.555	44.22	2500	-35.35964438406
11.624	44.176	2500	-22.32688495702
11.693	44.132	2500	-13.25812574429
11.762	44.088	2500	-14.20193832775
11.831	44.044	2500	-17.77066828552
11.9	44	2500	-15.14341836977
11.969	43.956	2500	-8.038138343558
12.038	43.912	2500	-1.313796592406
12.107	43.868	2500	4.627794135459
12.176	43.824	2500	10.72236744903
12.245	43.78	2500	15.45813303494
12.314	43.736	2500	15.7056985179
12.383	43.692	2500	10.88653333774
12.452	43.648	2500	6.360267920691
12.521	43.604	2500	9.029919141135
12.59	43.56	2500	19.15771665324
12.659	43.516	2500	30.16197907275
12.728	43.472	2500	35.00629327249
12.797	43.428	2500	31.56222518061
12.866	43.384	2500	25.56571774939
12.935	43.34	2500	25.73050851176
13.004	43.296	2500	31.39120835041
13.073	43.252	2500	32.89244570048
13.142	43.208	2500	27.76319376903
13.211	43.164	2500	22.79265901439
13.28	43.12	2500	18.50303069517
13.349	43.076	2500	9.762914035427
13.418	43.032	2500	0.7960516347438
13.487	42.988	2500	-0.8228957192102
13.556	42.944	2500	-1.498085403284
13.625	42.9	2500	-12.86293007983
13.694	42.856	2500	-31.2367817731
13.763	42.812	2500	-43.31466055589
13.832	42.768	2500	-45.7069497779
13.901	42.724	2500	-44.78090566504
13.97	42.68	2500	-43.81701439407
14.039	42.636	2500	-41.41772983637
14.108	42.592	2500	-37.71370060957
14.177	42.548	2500	-34.17875049472
14.246	42.504	2500	-29.94293805401
14.315	42.46	2500	-23.21253522979
14.384	42.416	2500	-15.03616722918
14.453	42.372	2500	-8.485526706181
14.522	42.328	2500	-4.391316068286
14.591	42.284	2500	-0.07115239899491
14.66	42.24	2500	6.976779884127
14.729	42.196	2500	15.19762641173
14.798	42.152	2500	20.47813711226
14.867	42.108	2500	21.80934633795
14.936	42.064	2500	22.8513643048
15.005	42.02	2500	26.56078339136
15.074	41.976	2500	32.41988758003
15.143	41.932	2500	40.60385529261
15.212	41.888	2500	52.14996263732
15.281	41.844	2500	63.54564870392
15.35	41.8	2500	70.48071870717
15.419	41.756	2500	76.73987815977
15.488	41.712	2500	87.09860818907
15.557	41.668	2500	94.26411734417
15.626	41.624	2500	88.55303441333
15.695	41.58	2500	76.24077008455
15.764	41.536	2500	71.12895671018
15.833	41.492	2500	73.24192742093
15.902	41.448	2500	73.01134778395
15.971	41.404	2500	70.4535748163
16.04	41.36	2500	73.23701836839
16.109	41.316	2500	80.86039205875
16.178	41.272	2500	86.14050407196
16.247	41.228	2500	88.31668046163
16.316	41.184	2500	91.61155887902
16.385	41.14	2500	95.2506965934
16.454	41.096	2500	96.36439151635
16.523	41.052	2500	97.36199760404
16.592	41.008	2500	100.9667053294
16.661	40.964	2500	104.9453023658
16.73	40.92	2500	107.896333655
16.799	40.876	2500	111.1865840498
16.868	40.832	2500	113.5527401413
16.937	40.788	2500	113.9812031262
17.006	40.744	2500	115.8497258823
17.075	40.7	2500	118.7511169245
17.144	40.656	2500	115.9466920996
17.213	40.612	2500	106.5694522
17.282	40.568	2500	97.50910460529
17.351	40.524	2500	92.02592104405
17.42	40.48	2500	89.03668791795
17.489	40.436	2500	88.35141286081
17.558	40.392	2500	87.88585458781
17.627	40.348	2500	85.27038971042
17.696	40.304	2500	83.21229040931
17.765	40.26	2500	83.00378741524
17.834	40.216	2500	81.22046457295
17.903	40.172	2500	79.93514367257
17.972	40.128	2500	84.36174904958
18.041	40.084	2500	90.16967451831
18.11	40.04	2500	91.41101083117
18.179	39.996	2500	92.27577771718
18.248	39.952	2500	95.14350194557
18.317	39.908	2500	92.5735604886
18.386	39.864	2500	80.76606840159
18.455	39.82	2500	64.6256833388
18.524	39.776	2500	48.78494450047
18.593	39.732	2500	35.46332995619
18.662	39.688	2500	25.24198719698
18.731	39.644	2500	16.3285511503
18.8	39.6	2500	9.259087034508
11.455	44.02	2500	20.36163559431
11.524	43.976	2500	24.7558801675
11.593	43.932	2500	39.28144378911
11.662	43.888	2500	53.3768971092
11.731	43.844	2500	53.95394488055
11.8	43.8	2500	44.21525726652
11.869	43.756	2500	41.85197840272
11.938	43.712	2500	51.27719777036
12.007	43.668	2500	56.09706465677
12.076	43.624	2500	46.57825173329
12.145	43.58	2500	34.0014001889
12.214	43.536	2500	30.91270034652
12.283	43.492	2500	35.81309878147
12.352	43.448	2500	41.99402957337
12.421	43.404	2500	45.99152985776
12.49	43.36	2500	45.27477101206
12.559	43.316	2500	40.00706256182
12.628	43.272	2500	37.28745701661
12.697	43.228	2500	44.50969685106
12.766	43.184	2500	59.8507816747
12.835	43.14	2500	74.40700425647
12.904	43.096	2500	80.19802199684
12.973	43.052	2500	76.73459501962
13.042	43.008	2500	76.99896910509
13.111	42.964	2500	97.08712961913
13.18	42.92	2500	125.3777508476
13.249	42.876	2500	124.0917373108
13.318	42.832	2500	87.04195445706
13.387	42.788	2500	60.76333444778
13.456	42.744	2500	70.97378902561
13.525	42.7	2500	75.70313972565
13.594	42.656	2500	38.96069037914
13.663	42.612	2500	-5.25814495429
13.732	42.568	2500	-13.71317225924
13.801	42.524	2500	-0.3021250179813
13.87	42.48	2500	2.2670365869
13.939	42.436	2500	-8.20186741759
14.008	42.392	2500	-19.62036120631
14.077	42.348	2500	-23.64710077458
14.146	42.304	2500	-12.89579375818
14.215	42.26	2500	5.257544540704
14.284	42.216	2500	11.45990683575
14.353	42.172	2500	9.3660809938
14.422	42.128	2500	19.03785837829
14.491	42.084	2500	34.57340952799
14.56	42.04	2500	36.92103258892
14.629	41.996	2500	32.95216514498
14.698	41.952	2500	35.84488046933
14.767	41.908	2500	37.91788237546
14.836	41.864	2500	36.41180533211
14.905	41.82	2500	43.52445269209
14.974	41.776	2500	54.58036228863
15.043	41.732	2500	52.83571207286
15.112	41.688	2500	44.1595975369
15.181	41.644	2500	44.63482386363
15.25	41.6	2500	50.48749009813
15.319	41.556	2500	52.36858002711
15.388	41.512	2500	53.94890993138
15.457	41.468	2500	57.27218048133
15.526	41.424	2500	56.35130718993
15.595	41.38	2500	52.16257154714
15.664	41.336	2500	52.71864019427
15.733	41.292	2500	59.99554706548
15.802	41.248	2500	69.05461688476
15.871	41.204	2500	75.25175851342
15.94	41.16	2500	79.20846433827
16.009	41.116	2500	86.73590441308
16.078	41.072	2500	99.30557655
16.147	41.028	2500	108.4108179132
16.216	40.984	2500	108.3630399714
16.285	40.94	2500	105.3427738174
16.354	40.896	2500	104.8584435408
16.423	40.852	2500	103.4491201461
16.492	40.808	2500	99.18779134548
16.561	40.764	2500	96.80167248227
16.63	40.72	2500	98.98530987655
16.699	40.676	2500	102.0452425445
16.768	40.632	2500	100.0625648858
16.837	40.588	2500	90.02083713963
16.906	40.544	2500	75.57435523715
16.975	40.5	2500	64.08474914164
17.044	40.456	2500	57.46249506924
17.113	40.412	2500	51.79598287715
17.182	40.368	2500	46.44117386512
17.251	40.324	2500	44.32746803111
17.32	40.28	2500	44.186307926
17.389	40.236	2500	42.12728535045
17.458	40.192	2500	39.0145729229
17.527	40.148	2500	38.59185570629
17.596	40.104	2500	41.46419510835
17.665	40.06	2500	45.77878485001
17.734	40.016	2500	49.72924689337
17.803	39.972	2500	51.85922501045
17.872	39.928	2500	53.30633803915
17.941	39.884	2500	57.52374478813
18.01	39.84	2500	64.08712125729
18.079	39.796	2500	68.67756371438
18.148	39.752	2500	70.10586291205
18.217	39.708	2500	68.00043519952
18.286	39.664	2500	57.68508723403
18.355	39.62	2500	39.49020705409
18.424	39.576	2500	23.63286486915
18.493	39.532	2500	14.70286443297
18.562	39.488	2500	6.416918539642
18.631	39.444	2500	-2.08242875317
18.7	39.4	2500	-4.342220516662
